# west on floor = top on gluex
2499
2486
2295
2696
2263
2754
2675
2820
2789
2841
2645
2770
3011
2627
2759
3036
2605
2819
2655
2658
2614
3054
3128
3069
0491
2635
2640
0521
2963
2654
2732
3020
2767
2794
2638
2521
2257
2571
2637
2745
2822
2502
2489
2568
2292
2831
# east on floor, bottom on gluex
2752
2535
2694
2844
2593
2781
2743
2535
2813
3079
2795
2825
2681
2626
2817
3016
2465
2994
3034
3080
2603
2972
3118
2790
0478
2821
2575
2648
0506
2647
3021
2656
2641
3023
2589
3008
2580
3032
2693
2814
3077
2563
2554
2756
2250
2574
# north on floor = south on gluex
2590
2846
2600
2249
2753
2300
2594
2729
2673
2685
2760
2604
2772
2513
2651
2737
3017
2248
3003
0463
0462
0454
0527
2520
2828
2751
2255
0467
3012
2742
3074
2650
2582
2774
2246
2510
2598
2607
2522
2842
2613
2804
2269
2475
2839
2503
# south on floor = north on gluex
3038
2804
2265
2564
2500
2508
2836
2576
2514
2618
2695
2623
2617
2630
2581
2631
2672
3028
0440
3078
2749
0507
0447
0526
0461
0473
0440
2646
2757
2740
2667
2769
3004
2512
2682
2573
2686
2827
2633
2536
2832
2577
2838
2297
2262
2835
